25 25 138
     0      0    +1.825741858350554e+00
     0      1    -4.564354645876387e-01
     0     21    -9.128709291752765e-01
     0     22    -4.564354645876387e-01
     1      1    +2.541325113662818e+00
     1      2    -3.279129178919770e-01
     1     21    -8.197822947299414e-01
     1     22    -7.378040652569470e-01
     1     24    -6.558258357839527e-01
     2      2    +2.561081760691415e+00
     2     20    -6.507666768969985e-01
     2     21    -7.557290441384501e-01
     2     22    -9.446613051730639e-02
     2     23    -3.253833384484999e-01
     2     24    -7.347365706901597e-01
     3      3    +1.825741858350554e+00
     3      4    -4.564354645876387e-01
     3     16    -4.564354645876388e-01
     3     17    -9.128709291752765e-01
     4      4    +2.541325113662818e+00
     4      7    -3.279129178919770e-01
     4     16    -7.378040652569470e-01
     4     17    -8.197822947299414e-01
     4     18    -6.558258357839527e-01
     5      5    +1.825741858350554e+00
     5      6    -4.564354645876387e-01
     5     20    -9.128709291752765e-01
     5     23    -4.564354645876387e-01
     6      6    +2.541325113662818e+00
     6      7    -3.279129178919770e-01
     6     18    -6.558258357839527e-01
     6     20    -8.197822947299414e-01
     6     23    -7.378040652569470e-01
     7      7    +2.540002540003810e+00
     7     16    -9.525009525014301e-02
     7     17    -7.620007620011429e-01
     7     18    -8.255008255012384e-01
     7     20    -7.620007620011429e-01
     7     23    -9.525009525014301e-02
     8      8    +1.825741858350554e+00
     8      9    -4.564354645876387e-01
     8     13    -4.564354645876388e-01
     8     14    -9.128709291752765e-01
     9      9    +2.541325113662818e+00
     9     10    -3.279129178919770e-01
     9     13    -7.378040652569470e-01
     9     14    -8.197822947299414e-01
     9     15    -6.558258357839527e-01
    10     10    +2.561081760691415e+00
    10     13    -9.446613051730640e-02
    10     14    -7.557290441384500e-01
    10     15    -7.347365706901600e-01
    10     21    -6.507666768969984e-01
    10     22    -3.253833384484999e-01
    11     11    +2.581988897471612e+00
    11     12    -6.454972243679025e-01
    11     13    -3.227486121839520e-01
    11     14    -6.454972243679025e-01
    11     16    -3.227486121839520e-01
    11     17    -6.454972243679025e-01
    12     12    +3.593976442141304e+00
    12     13    -5.217062577301893e-01
    12     14    -5.796736197002109e-01
    12     15    -4.637388957601682e-01
    12     16    -5.217062577301893e-01
    12     17    -5.796736197002109e-01
    12     18    -4.637388957601682e-01
    12     19    -4.637388957601684e-01
    13     13    +2.351321024187730e+00
    13     14    -1.390841784707742e+00
    13     15    -3.381988950956905e-01
    13     16    -1.600564457809476e-01
    13     17    -2.172194621312861e-01
    13     18    -1.028934294306091e-01
    13     19    -1.028934294306091e-01
    13     21    -2.614505174056462e-02
    13     22    -1.307252587028234e-02
    14     14    +2.927405260458632e+00
    14     15    -1.195174869681030e+00
    14     16    -2.505173748171442e-01
    14     17    -3.603211658715438e-01
    14     18    -1.407135837627443e-01
    14     19    -7.100459851144972e-01
    14     21    -1.804215208077819e-01
    14     22    -9.021076040389116e-02
    15     15    +3.256610623476531e+00
    15     16    -1.828522155808883e-01
    15     17    -2.373410512386871e-01
    15     18    -1.283633799230894e-01
    15     19    -8.490876901422267e-01
    15     21    -7.275313239229342e-01
    15     22    -6.196554288638805e-01
    15     24    -5.117795338048270e-01
    16     16    +4.328981774924237e+00
    16     17    -7.946297720553368e-01
    16     18    -2.031948879061709e-01
    16     19    -1.366466048579053e-01
    16     20    -1.676621638411972e-02
    16     21    -4.213788224983552e-02
    16     22    -3.187748993739278e-02
    16     23    -2.095777048014968e-03
    16     24    -2.161709762495004e-02
    17     17    +3.103198474053916e+00
    17     18    -1.085052635444230e+00
    17     19    -8.132853151638523e-01
    17     20    -1.914051263430552e-01
    17     21    -8.921310516005090e-02
    17     22    -6.694542053724883e-02
    17     23    -2.392564079288194e-02
    17     24    -4.467773591444671e-02
    18     18    +3.211093426122871e+00
    18     19    -9.378224907852099e-01
    18     20    -9.480959833809863e-01
    18     21    -7.063930555268698e-02
    18     22    -5.378126597615265e-02
    18     23    -1.833912479744906e-01
    18     24    -5.559572268145573e-01
    19     19    +3.212936504638905e+00
    19     20    -8.446386738217104e-01
    19     21    -7.967051702371490e-01
    19     22    -2.181118799112377e-01
    19     23    -5.967537479116158e-02
    19     24    -8.284916946837774e-01
    20     20    +3.028959730464692e+00
    20     21    -4.125133935975268e-01
    20     22    -1.023582781685636e-01
    20     23    -1.056928077788021e+00
    20     24    -1.116092641885036e+00
    21     21    +3.074274727187123e+00
    21     22    -1.192430095828664e+00
    21     23    -2.422098855590181e-01
    21     24    -1.397576604306673e+00
    22     22    +1.979537515216996e+00
    22     23    -2.284820765157455e-01
    22     24    -1.447531754987625e+00
    23     23    +2.129153498156386e+00
    23     24    -1.835058759093116e+00
    24     24    +1.562641155390415e+00
